* Note:  View in fixed point font, 4-wide tabs

================================================================
	The formulas are an iteration per row (12, 12*3, 12/2):
	+12		+12		+36		+36		+6		+6		Key x Base
================================================================


	Freq1	Freq2	Key1	Key2	Base1	Base2	Period
    -----   -----   ----    ----    -----   -----   ------
	14		10		42		30		5		7		210
	26		22		78		66		11		13		858
	38		34		114		102		17		19		1938
	50		46		150		138		23		25		3450
================================================================
	62		58		186		174		29		31		5394
	74		70		222		210		35		37		7770
	86		82		258		246		41		43		10578
	98		94		294		282		47		49		13818
	110		106		330		318		53		55		17490
	122		118		366		354		59		61		21594
	134		130		402		390		65		67		26130
	146		142		438		426		71		73		31098
	158		154		474		462		77		79		36498
	170		166		510		498		83		85		42330
	182		178		546		534		89		91		48594
	194		190		582		570		95		97		55290
	206		202		618		606		101		103		62418
	218		214		654		642		107		109		69978
	230		226		690		678		113		115		77970
	242		238		726		714		119		121		86394
	254		250		762		750		125		127		95250
	266		262		798		786		131		133		104538
	278		274		834		822		137		139		114258
	290		286		870		858		143		145		124410
	302		298		906		894		149		151		134994
	314		310		942		930		155		157		146010
	326		322		978		966		161		163		157458
	338		334		1014	1002	167		169		169338
	350		346		1050	1038	173		175		181650
	362		358		1086	1074	179		181		194394
	374		370		1122	1110	185		187		207570
	386		382		1158	1146	191		193		221178
	398		394		1194	1182	197		199		235218
	410		406		1230	1218	203		205		249690
	422		418		1266	1254	209		211		264594
	434		430		1302	1290	215		217		279930
	446		442		1338	1326	221		223		295698
	458		454		1374	1362	227		229		311898
	470		466		1410	1398	233		235		328530
	482		478		1446	1434	239		241		345594
	494		490		1482	1470	245		247		363090
	506		502		1518	1506	251		253		381018
	518		514		1554	1542	257		259		399378
	530		526		1590	1578	263		265		418170
	542		538		1626	1614	269		271		437394
	554		550		1662	1650	275		277		457050
	566		562		1698	1686	281		283		477138
	578		574		1734	1722	287		289		497658
	590		586		1770	1758	293		295		518610
	602		598		1806	1794	299		301		539994
	614		610		1842	1830	305		307		561810
	626		622		1878	1866	311		313		584058
	638		634		1914	1902	317		319		606738
	650		646		1950	1938	323		325		629850
	662		658		1986	1974	329		331		653394
	674		670		2022	2010	335		337		677370
	686		682		2058	2046	341		343		701778
	698		694		2094	2082	347		349		726618
	710		706		2130	2118	353		355		751890
	722		718		2166	2154	359		361		777594
	734		730		2202	2190	365		367		803730
	746		742		2238	2226	371		373		830298
	758		754		2274	2262	377		379		857298
	770		766		2310	2298	383		385		884730
	782		778		2346	2334	389		391		912594
	794		790		2382	2370	395		397		940890
	806		802		2418	2406	401		403		969618
	818		814		2454	2442	407		409		998778
	830		826		2490	2478	413		415		1028370
	842		838		2526	2514	419		421		1058394
	854		850		2562	2550	425		427		1088850
	866		862		2598	2586	431		433		1119738
	878		874		2634	2622	437		439		1151058
	890		886		2670	2658	443		445		1182810
	902		898		2706	2694	449		451		1214994
	914		910		2742	2730	455		457		1247610
	926		922		2778	2766	461		463		1280658
	938		934		2814	2802	467		469		1314138
	950		946		2850	2838	473		475		1348050
	962		958		2886	2874	479		481		1382394
	974		970		2922	2910	485		487		1417170
	986		982		2958	2946	491		493		1452378
	998		994		2994	2982	497		499		1488018
	1010	1006	3030	3018	503		505		1524090
	1022	1018	3066	3054	509		511		1560594
	1034	1030	3102	3090	515		517		1597530
	1046	1042	3138	3126	521		523		1634898
	1058	1054	3174	3162	527		529		1672698
	1070	1066	3210	3198	533		535		1710930
	1082	1078	3246	3234	539		541		1749594
	1094	1090	3282	3270	545		547		1788690
	1106	1102	3318	3306	551		553		1828218
	1118	1114	3354	3342	557		559		1868178
	1130	1126	3390	3378	563		565		1908570
	1142	1138	3426	3414	569		571		1949394
	1154	1150	3462	3450	575		577		1990650
	1166	1162	3498	3486	581		583		2032338
	1178	1174	3534	3522	587		589		2074458
	1190	1186	3570	3558	593		595		2117010
	1202	1198	3606	3594	599		601		2159994
	1214	1210	3642	3630	605		607		2203410
	1226	1222	3678	3666	611		613		2247258
	1238	1234	3714	3702	617		619		2291538
	1250	1246	3750	3738	623		625		2336250
	1262	1258	3786	3774	629		631		2381394
	1274	1270	3822	3810	635		637		2426970
	1286	1282	3858	3846	641		643		2472978
	1298	1294	3894	3882	647		649		2519418
	1310	1306	3930	3918	653		655		2566290
	1322	1318	3966	3954	659		661		2613594
	1334	1330	4002	3990	665		667		2661330
	1346	1342	4038	4026	671		673		2709498
	